0.00009
2
0.00024
2
0.00017
2
0.00200
20300
0.00225
20300
0.00023
2
0.00020
2
0.00019
2
0.00024
2
0.00022
20
0.00019
20
0.00019
20
0.00026
20
0.00083
5150
0.00092
5150
0.00110
5150
0.00128
5150
0.00094
5150
0.00143
5150
0.00127
5150
0.00142
5150
0.00084
5150
0.00100
0.00094
5150
5150
0.00098
5150
0.00247
20300
0.00267
20300
0.00286
20300
0.00314
20300
0.00784
125750
0.00803
125750
0.00804
125750
0.00886
125750
0.00068
0.00063
20300
20300
0.00072
20300
0.00088
20300
0.01040
180900
0.01091
180900
0.01116
180900
0.01127
180900
0.01328
180900
